152478369
346129578
789356124
213547896
465891237
897263415
571634982
628915743
934782651

758641932
123579468
469238157
214356789
375892614
896417325
531724896
642983571
987165243

152478369
346129578
789356124
213547896
465891237
897263415
571634982
628915743
934782651

758641932
123579468
469238157
214356789
375892614
896417325
531724896
642983571
987165243

152478369
346129578
789356124
213547896
465891237
897263415
571634982
628915743
934782651

758641932
123579468
469238157
214356789
375892614
896417325
531724896
642983571
987165243

